2 401 289 5
-119 219 0
-83 180 0
-49 145 0
-11 109 0
7 85 0
53 30 0
69 -2 0
64 -36 0
42 -52 0
-12 -68 0
-73 -82 0
-121 -91 0
-181 -96 0
-214 -101 0
-217 18 1
-150 15 1
-104 21 1
-56 18 1
-21 15 1
-167 66 1
-63 66 1
-39 58 1
-19 33 1
-96 51 1
-138 53 1
-136 -17 1
-77 -8 1
-23 9 1
145 75 2
148 19 2
134 -15 2
117 -53 2
112 -72 2
110 -79 2
132 -100 2
145 -41 2
162 -10 2
171 24 2
166 73 2
-220 213 2
-209 183 2
-196 197 2
-210 197 2
-233 184 2
-211 197 2
113 -158 3
159 -146 3
217 -103 3
246 -17 3
227 60 3
192 106 3
126 132 3
79 122 3
26 -133 3
70 -160 3
46 -194 3
149 -190 3
243 -149 3
270 -55 3
273 -9 3
250 81 3
226 130 3
165 177 3
92 170 3
41 148 3
-246 119 3
-212 115 3
-174 131 3
-140 158 3
-328 244 4
-324 123 4
-321 56 4
-318 -9 4
-305 -79 4
-268 -149 4
-235 -176 4
-182 -202 4
-111 -224 4
-44 -237 4
18 -238 4
94 -232 4
173 -202 4
233 -178 4
280 -149 4
318 -102 4
329 -25 4
329 35 4
325 95 4
303 160 4
263 214 4
228 231 4
173 241 4
88 241 4
25 253 4
-49 257 4
-106 248 4
-175 254 4
-207 260 4
-243 256 4
-278 234 4
-321 198 4
-331 166 4
-231 121 3
-205 118 3
-183 134 3
-109 195 0
-119 210 0
-131 213 0
-128 202 0
-125 200 0
-124 198 0
-108 183 0
-287 -132 0
-358 -171 0
-380 -220 0
-332 -159 0
-373 -203 0
-275 -115 0
-299 -132 0
-306 -136 0
-353 -168 0
